Borehole,Easting,Northing,Layer,chrome,chromethre,std
A0_L1,424288,4533039,1,503,1,7
A0_L2,424288,4533039,2,138,0,5
A0_L3,424288,4533039,3,62,0,4
A1_L1,424289,4533044,1,445,1,7
A1_L2,424289,4533044,2,606,1,8
A1_L3,424289,4533044,3,410,1,7
A2_L1,424290,4533064,1,429,1,7
A2_L2,424290,4533064,2,473,1,7
A2_L3,424290,4533064,3,180,1,5
A3_L1,424293,4533085,1,485,1,7
A3_L2,424293,4533085,2,298,1,6
A3_L3,424293,4533085,3,990,1,11
A4_L1,424295,4533103,1,391,1,6
A4_L2,424295,4533103,2,664,1,8
A4_L3,424295,4533103,3,1235,1,13
A5_L1,424297,4533124,1,663,1,9
A5_L2,424297,4533124,2,240,1,5
A5_L3,424297,4533124,3,242,1,5
A6_L1,424299,4533144,1,429,1,7
A6_L2,424299,4533144,2,290,1,6
A6_L3,424299,4533144,3,1245,1,13
A7_L1,424301,4533164,1,152,1,5
A7_L2,424301,4533164,2,182,1,5
A7_L3,424301,4533164,3,80,0,4
A8_L1,424303,4533184,1,262,1,6
A8_L2,424303,4533184,2,337,1,6
A8_L3,424303,4533184,3,129,0,4
A9_L1,424305,4533203,1,222,1,5
A9_L2,424305,4533203,2,80,0,4
A9_L3,424305,4533203,3,216,1,6
A10_L1,424308,4533223,1,243,1,5
A10_L2,424308,4533223,2,570,1,8
A10_L3,424308,4533223,3,308,1,6
A11_L1,424310,4533244,1,173,1,5
A11_L2,424310,4533244,2,157,1,5
A11_L3,424310,4533244,3,573,1,8
A12_L1,424311,4533264,1,282,1,6
A12_L2,424311,4533264,2,331,1,6
A12_L3,424311,4533264,3,112,0,4
A13_L1,424314,4533283,1,237,1,6
A13_L2,424314,4533283,2,299,1,6
A13_L3,424314,4533283,3,1483,1,15
A14_L1,424316,4533303,1,344,1,6
A14_L2,424316,4533303,2,2053,1,19
A14_L3,424316,4533303,3,163,1,5
A15_L1,424319,4533323,1,403,1,7
A15_L2,424319,4533323,2,1663,1,16
A15_L3,424319,4533323,3,98,0,4
A16_L1,424320,4533343,1,427,1,7
A16_L2,424320,4533343,2,103,0,4
A16_L3,424320,4533343,3,82,0,4
A17_L1,424322,4533362,1,474,1,7
A17_L2,424322,4533362,2,1015,1,11
A17_L3,424322,4533362,3,2675,1,23
B0_L1,424309,4533038,1,380,1,7
B0_L2,424309,4533038,2,245,1,5
B0_L3,424309,4533038,3,258,1,5
B1_L1,424309,4533045,1,609,1,8
B1_L2,424309,4533045,2,944,1,11
B1_L3,424309,4533045,3,576,1,9
B2_L1,424311,4533065,1,494,1,7
B2_L2,424311,4533065,2,388,1,7
B2_L3,424311,4533065,3,842,1,9
B3_L1,424314,4533085,1,241,1,6
B3_L2,424314,4533085,2,271,1,6
B3_L3,424314,4533085,3,1605,1,16
B4_L1,424316,4533105,1,255,1,5
B4_L2,424316,4533105,2,202,1,5
B4_L3,424316,4533105,3,205,1,5
B5_L1,424318,4533125,1,202,1,5
B5_L2,424318,4533125,2,111,0,5
B5_L3,424318,4533125,3,120,0,5
B6_L1,424320,4533144,1,256,1,6
B6_L2,424320,4533144,2,496,1,8
B6_L3,424320,4533144,3,397,1,7
B7_L1,424323,4533164,1,227,1,5
B7_L2,424323,4533164,2,358,1,7
B7_L3,424323,4533164,3,491,1,7
B8_L1,424325,4533185,1,253,1,6
B8_L2,424325,4533185,2,155,1,5
B8_L3,424325,4533185,3,86,0,4
B9_L1,424327,4533204,1,347,1,7
B9_L2,424327,4533204,2,382,1,6
B9_L3,424327,4533204,3,996,1,11
B10_L1,424328,4533223,1,353,1,7
B10_L2,424328,4533223,2,173,1,5
B10_L3,424328,4533223,3,86,0,4
B11_L1,424331,4533243,1,292,1,6
B11_L2,424331,4533243,2,916,1,11
B11_L3,424331,4533243,3,257,1,6
B12_L1,424333,4533262,1,598,1,8
B12_L2,424333,4533262,2,1280,1,13
B12_L3,424333,4533262,3,670,1,9
B13_L1,424335,4533283,1,786,1,10
B13_L2,424335,4533283,2,1299,1,13
B13_L3,424335,4533283,3,567,1,8
B14_L1,424337,4533302,1,526,1,7
B14_L2,424337,4533302,2,1103,1,12
B14_L3,424337,4533302,3,3170,1,26
B15_L1,424337,4533321,1,641,1,8
B15_L2,424337,4533321,2,309,1,6
B15_L3,424337,4533321,3,119,0,5
B16_L1,424341,4533341,1,500,1,7
B16_L2,424341,4533341,2,938,1,11
B16_L3,424341,4533341,3,652,1,8
B17_L1,424342,4533362,1,679,1,9
B17_L2,424342,4533362,2,1826,1,17
B17_L3,424342,4533362,3,1412,1,14
C0_L1,424330,4533036,1,251,1,5
C0_L2,424330,4533036,2,103,0,4
C0_L3,424330,4533036,3,64,0,4
C1_L1,424330,4533043,1,405,1,7
C1_L2,424330,4533043,2,599,1,8
C1_L3,424330,4533043,3,181,1,5
C2_L1,424332,4533062,1,499,1,7
C2_L2,424332,4533062,2,1117,1,12
C2_L3,424332,4533062,3,287,1,6
C3_L1,424334,4533082,1,254,1,5
C3_L2,424334,4533082,2,617,1,8
C3_L3,424334,4533082,3,1424,1,13
C4_L1,424337,4533102,1,362,1,7
C4_L2,424337,4533102,2,815,1,10
C4_L3,424337,4533102,3,1267,1,12
C5_L1,424338,4533122,1,585,1,8
C5_L2,424338,4533122,2,865,1,10
C5_L3,424338,4533122,3,2271,1,20
C6_L1,424339,4533142,1,306,1,6
C6_L2,424339,4533142,2,254,1,5
C6_L3,424339,4533142,3,339,1,6
C7_L1,424341,4533162,1,494,1,8
C7_L2,424341,4533162,2,988,1,11
C7_L3,424341,4533162,3,546,1,8
C9_L1,424342,4533201,1,201,1,5
C9_L2,424342,4533201,2,119,0,5
C9_L3,424342,4533201,3,995,1,11
C10_L1,424344,4533220,1,305,1,6
C10_L2,424344,4533220,2,138,0,4
C10_L3,424344,4533220,3,99,0,4
C11_L1,424346,4533240,1,448,1,7
C11_L2,424346,4533240,2,84,0,4
C11_L3,424346,4533240,3,1203,1,12
C12_L1,424348,4533260,1,492,1,7
C12_L2,424348,4533260,2,367,1,6
C12_L3,424348,4533260,3,337,1,6
C13_L1,424350,4533279,1,715,1,9
C13_L2,424350,4533279,2,916,1,10
C13_L3,424350,4533279,3,1060,1,11
C14_L1,424352,4533300,1,609,1,8
C14_L2,424352,4533300,2,768,1,10
C14_L3,424352,4533300,3,945,1,11
C15_L1,424353,4533319,1,706,1,9
C15_L2,424353,4533319,2,1733,1,16
C15_L3,424353,4533319,3,443,1,7
C16_L1,424357,4533339,1,417,1,7
C16_L2,424357,4533339,2,275,1,6
C16_L3,424357,4533339,3,749,1,9
D0_L1,424348,4533035,1,226,1,5
D0_L2,424348,4533035,2,57,0,4
D0_L3,424348,4533035,3,49,0,4
D1_L1,424348,4533039,1,247,1,5
D1_L2,424348,4533039,2,68,0,4
D1_L3,424348,4533039,3,55,0,4
D2_L1,424350,4533059,1,374,1,7
D2_L2,424350,4533059,2,72,0,4
D2_L3,424350,4533059,3,53,0,4
D3_L1,424352,4533079,1,399,1,6
D3_L2,424352,4533079,2,230,1,5
D3_L3,424352,4533079,3,67,0,4
D4_L1,424355,4533099,1,980,1,10
D4_L2,424355,4533099,2,3452,1,26
D4_L3,424355,4533099,3,943,1,10
D5_L1,424356,4533118,1,615,1,8
D5_L2,424356,4533118,2,252,1,6
D5_L3,424356,4533118,3,948,1,10
D6_L1,424358,4533138,1,543,1,8
D6_L2,424358,4533138,2,459,1,7
D6_L3,424358,4533138,3,401,1,7
D7_L1,424360,4533158,1,447,1,7
D7_L2,424360,4533158,2,487,1,7
D7_L3,424360,4533158,3,357,1,6
D8_L1,424361,4533173,1,158,1,5
D8_L2,424361,4533173,2,55,0,4
D8_L3,424361,4533173,3,49,0,4
D9_L1,424363,4533203,1,174,1,5
D9_L2,424363,4533203,2,92,0,4
D9_L3,424363,4533203,3,130,0,5
D10_L1,424364,4533222,1,185,1,5
D10_L2,424364,4533222,2,127,0,5
D10_L3,424364,4533222,3,89,0,4
D11_L1,424366,4533239,1,174,1,5
D11_L2,424366,4533239,2,177,1,5
D11_L3,424366,4533239,3,298,1,6
D12_L1,424368,4533259,1,262,1,5
D12_L2,424368,4533259,2,273,1,6
D12_L3,424368,4533259,3,262,1,6
D13_L1,424370,4533274,1,243,1,6
D13_L2,424370,4533274,2,297,1,6
D13_L3,424370,4533274,3,549,1,8
E0_L1,424363,4533033,1,284,1,6
E0_L2,424363,4533033,2,55,0,4
E0_L3,424363,4533033,3,49,0,4
E1_L1,424366,4533040,1,429,1,7
E1_L2,424366,4533040,2,554,1,8
E1_L3,424366,4533040,3,433,1,7
E2_L1,424367,4533058,1,531,1,8
E2_L2,424367,4533058,2,115,0,4
E2_L3,424367,4533058,3,210,1,5
E3_L1,424368,4533076,1,340,1,6
E3_L2,424368,4533076,2,130,0,5
E3_L3,424368,4533076,3,58,0,4
E4_L1,424369,4533095,1,308,1,6
E4_L2,424369,4533095,2,130,0,5
E4_L3,424369,4533095,3,270,1,6
E5_L1,424371,4533115,1,406,1,7
E5_L2,424371,4533115,2,373,1,6
E5_L3,424371,4533115,3,117,0,4
E6_L1,424372,4533135,1,369,1,7
E6_L2,424372,4533135,2,648,1,9
E6_L3,424372,4533135,3,340,1,6
E7_L1,424376,4533155,1,451,1,7
E7_L2,424376,4533155,2,333,1,6
E7_L3,424376,4533155,3,137,0,5
E8_L1,424378,4533176,1,114,0,4
E8_L2,424378,4533176,2,66,0,4
E8_L3,424378,4533176,3,52,0,4
E9_L1,424378,4533194,1,133,0,4
E9_L2,424378,4533194,2,97,0,4
E9_L3,424378,4533194,3,80,0,4
E10_L1,424380,4533213,1,213,1,5
E10_L2,424380,4533213,2,143,0,4
E10_L3,424380,4533213,3,380,1,6
E11_L1,424382,4533234,1,221,1,5
E11_L2,424382,4533234,2,94,0,4
E11_L3,424382,4533234,3,206,1,5
E12_L1,424384,4533254,1,179,1,5
E12_L2,424384,4533254,2,66,0,4
E12_L3,424384,4533254,3,51,0,4
E13_L1,424385,4533273,1,236,1,5
E13_L2,424385,4533273,2,228,1,5
E13_L3,424385,4533273,3,184,1,5
F0_L1,424382,4533032,1,699,1,9
F0_L2,424382,4533032,2,138,0,5
F0_L3,424382,4533032,3,67,0,4
F1_L1,424386,4533037,1,744,1,9
F1_L2,424386,4533037,2,1308,1,13
F1_L3,424386,4533037,3,1821,1,16
F2_L1,424387,4533058,1,1673,1,15
F2_L2,424387,4533058,2,543,1,7
F2_L3,424387,4533058,3,1771,1,16
F3_L1,424389,4533079,1,711,1,8
F3_L2,424389,4533079,2,891,1,10
F3_L3,424389,4533079,3,855,1,10
F4_L1,424391,4533098,1,476,1,7
F4_L2,424391,4533098,2,201,1,5
F4_L3,424391,4533098,3,355,1,6
F5_L1,424391,4533119,1,374,1,6
F5_L2,424391,4533119,2,405,1,6
F5_L3,424391,4533119,3,325,1,6
F6_L1,424393,4533138,1,604,1,8
F6_L2,424393,4533138,2,69,0,4
F6_L3,424393,4533138,3,101,0,4
F7_L1,424395,4533158,1,547,1,8
F7_L2,424395,4533158,2,799,1,9
F7_L3,424395,4533158,3,873,1,10
F8_L1,424398,4533172,1,388,1,6
F8_L2,424398,4533172,2,223,1,5
F8_L3,424398,4533172,3,114,0,4
F9_L1,424399,4533192,1,294,1,6
F9_L2,424399,4533192,2,180,1,5
F9_L3,424399,4533192,3,157,1,5
F10_L1,424401,4533214,1,338,1,6
F10_L2,424401,4533214,2,195,1,5
F10_L3,424401,4533214,3,74,0,4
F11_L1,424403,4533234,1,322,1,6
F11_L2,424403,4533234,2,208,1,5
F11_L3,424403,4533234,3,78,0,4
F12_L1,424404,4533253,1,179,1,5
F12_L2,424404,4533253,2,75,0,4
F12_L3,424404,4533253,3,60,0,4
F13_L1,424405,4533269,1,290,1,6
F13_L2,424405,4533269,2,95,0,4
F13_L3,424405,4533269,3,65,0,4
G1_L1,424402,4533030,1,363,1,7
G1_L2,424402,4533030,2,66,0,4
G1_L3,424402,4533030,3,58,0,4
G2_L1,424405,4533048,1,470,1,7
G2_L2,424405,4533048,2,215,1,5
G2_L3,424405,4533048,3,180,1,5
G3_L1,424408,4533067,1,608,1,8
G3_L2,424408,4533067,2,342,1,6
G3_L3,424408,4533067,3,470,1,7
G4_L1,424409,4533087,1,651,1,8
G4_L2,424409,4533087,2,256,1,5
G4_L3,424409,4533087,3,125,0,5
G5_L1,424411,4533106,1,579,1,8
G5_L2,424411,4533106,2,403,1,7
G5_L3,424411,4533106,3,178,1,5
G6_L1,424414,4533127,1,393,1,6
G6_L2,424414,4533127,2,495,1,7
G6_L3,424414,4533127,3,229,1,5
G7_L1,424416,4533145,1,877,1,10
G7_L2,424416,4533145,2,745,1,9
G7_L3,424416,4533145,3,128,0,4
G8_L1,424417,4533165,1,414,1,7
G8_L2,424417,4533165,2,70,0,4
G8_L3,424417,4533165,3,55,0,4
G9_L1,424419,4533186,1,558,1,8
G9_L2,424419,4533186,2,908,1,10
G9_L3,424419,4533186,3,896,1,10
G10_L1,424421,4533208,1,477,1,7
G10_L2,424421,4533208,2,700,1,8
G10_L3,424421,4533208,3,692,1,9
G11_L1,424422,4533228,1,393,1,6
G11_L2,424422,4533228,2,282,1,6
G11_L3,424422,4533228,3,148,0,4
G12_L1,424425,4533247,1,225,1,5
G12_L2,424425,4533247,2,81,0,4
G12_L3,424425,4533247,3,154,1,5
G13_L1,424427,4533268,1,326,1,6
G13_L2,424427,4533268,2,121,0,4
G13_L3,424427,4533268,3,192,1,5
G14_L1,424428,4533287,1,333,1,6
G14_L2,424428,4533287,2,669,1,8
G14_L3,424428,4533287,3,742,1,9
G15_L1,424431,4533308,1,427,1,6
G15_L2,424431,4533308,2,559,1,8
G15_L3,424431,4533308,3,133,0,4
G16_L1,424432,4533318,1,384,1,6
G16_L2,424432,4533318,2,87,0,4
G16_L3,424432,4533318,3,61,0,4
H0_L1,424423,4533029,1,400,1,6
H0_L2,424423,4533029,2,83,0,4
H0_L3,424423,4533029,3,905,1,10
H1_L1,424426,4533035,1,253,1,5
H1_L2,424426,4533035,2,201,1,5
H1_L3,424426,4533035,3,125,0,4
H2_L1,424428,4533055,1,477,1,7
H2_L2,424428,4533055,2,699,1,9
H2_L3,424428,4533055,3,1977,1,18
H3_L1,424430,4533075,1,525,1,7
H3_L2,424430,4533075,2,866,1,10
H3_L3,424430,4533075,3,574,1,8
H4_L1,424432,4533095,1,985,1,11
H4_L2,424432,4533095,2,154,1,5
H4_L3,424432,4533095,3,58,0,4
H5_L1,424434,4533116,1,375,1,6
H5_L2,424434,4533116,2,736,1,9
H5_L3,424434,4533116,3,706,1,8
H6_L1,424435,4533135,1,567,1,8
H6_L2,424435,4533135,2,492,1,8
H6_L3,424435,4533135,3,316,1,6
H7_L1,424438,4533156,1,1042,1,11
H7_L2,424438,4533156,2,1179,1,12
H7_L3,424438,4533156,3,622,1,8
H8_L1,424439,4533176,1,1016,1,11
H8_L2,424439,4533176,2,1616,1,14
H8_L3,424439,4533176,3,2480,1,21
H9_L1,424441,4533193,1,632,1,8
H9_L2,424441,4533193,2,940,1,10
H9_L3,424441,4533193,3,1242,1,12
H10_L1,424443,4533213,1,753,1,9
H10_L2,424443,4533213,2,403,1,6
H10_L3,424443,4533213,3,345,1,6
H11_L1,424446,4533237,1,518,1,7
H11_L2,424446,4533237,2,568,1,8
H11_L3,424446,4533237,3,353,1,6
H12_L1,424448,4533258,1,564,1,8
H12_L2,424448,4533258,2,357,1,6
H12_L3,424448,4533258,3,319,1,6
H13_L1,424450,4533279,1,710,1,9
H13_L2,424450,4533279,2,324,1,6
H13_L3,424450,4533279,3,1043,1,11
H14_L1,424451,4533299,1,648,1,8
H14_L2,424451,4533299,2,1923,1,17
H14_L3,424451,4533299,3,345,1,6
H15_L1,424451,4533309,1,410,1,7
H15_L2,424451,4533309,2,515,1,8
H15_L3,424451,4533309,3,201,1,5
I0_L1,424444,4533027,1,85,0,4
I0_L2,424444,4533027,2,66,0,4
I0_L3,424444,4533027,3,56,0,4
I1_L1,424446,4533032,1,98,0,4
I1_L2,424446,4533032,2,70,0,4
I1_L3,424446,4533032,3,75,0,4
I2_L1,424448,4533051,1,174,1,5
I2_L2,424448,4533051,2,85,0,4
I2_L3,424448,4533051,3,132,0,5
I3_L1,424451,4533071,1,287,1,5
I3_L2,424451,4533071,2,75,0,4
I3_L3,424451,4533071,3,49,0,4
I4_L1,424454,4533090,1,437,1,7
I4_L2,424454,4533090,2,219,1,5
I4_L3,424454,4533090,3,518,1,7
I5_L1,424456,4533110,1,314,1,6
I5_L2,424456,4533110,2,98,0,4
I5_L3,424456,4533110,3,145,0,5
I6_L1,424458,4533129,1,458,1,7
I6_L2,424458,4533129,2,58,0,4
I6_L3,424458,4533129,3,1169,1,12
I7_L1,424461,4533149,1,377,1,6
I7_L2,424461,4533149,2,371,1,6
I7_L3,424461,4533149,3,279,1,6
I8_L1,424463,4533169,1,528,1,7
I8_L2,424463,4533169,2,212,1,5
I8_L3,424463,4533169,3,92,0,4
I9_L1,424466,4533190,1,442,1,7
I9_L2,424466,4533190,2,130,0,4
I9_L3,424466,4533190,3,487,1,8
I10_L1,424469,4533209,1,370,1,6
I10_L2,424469,4533209,2,228,1,6
I10_L3,424469,4533209,3,242,1,5
I11_L1,424472,4533230,1,362,1,7
I11_L2,424472,4533230,2,103,0,4
I11_L3,424472,4533230,3,115,0,4
I12_L1,424473,4533249,1,190,1,5
I12_L2,424473,4533249,2,74,0,4
I12_L3,424473,4533249,3,59,0,4
I13_L1,424475,4533270,1,244,1,5
I13_L2,424475,4533270,2,69,0,4
I13_L3,424475,4533270,3,62,0,4
I14_L1,424477,4533289,1,378,1,6
I14_L2,424477,4533289,2,79,0,4
I14_L3,424477,4533289,3,77,0,4
L6_L1,424478,4533128,1,225,1,5
L6_L2,424478,4533128,2,59,0,4
L6_L3,424478,4533128,3,58,0,4
L7_L1,424482,4533148,1,496,1,8
L7_L2,424482,4533148,2,95,0,4
L7_L3,424482,4533148,3,73,0,4
L8_L1,424486,4533167,1,719,1,9
L8_L2,424486,4533167,2,321,1,6
L8_L3,424486,4533167,3,2247,1,19
L9_L1,424490,4533186,1,781,1,10
L9_L2,424490,4533186,2,176,1,5
L9_L3,424490,4533186,3,160,1,5
L10_L1,424493,4533206,1,744,1,9
L10_L2,424493,4533206,2,466,1,7
L10_L3,424493,4533206,3,250,1,5
L11_L1,424496,4533226,1,507,1,7
L11_L2,424496,4533226,2,400,1,7
L11_L3,424496,4533226,3,202,1,6
L12_L1,424498,4533246,1,515,1,7
L12_L2,424498,4533246,2,2848,1,24
L12_L3,424498,4533246,3,3002,1,24
L13_L1,424501,4533265,1,511,1,7
L13_L2,424501,4533265,2,257,1,6
L13_L3,424501,4533265,3,710,1,9
BG1_L1,424422,4533012,1,54,0,4
BG1_L2,424422,4533012,2,56,0,4
BG1_L3,424422,4533012,3,55,0,4
BG2_L1,424384,4533029,1,69,0,4
BG2_L2,424384,4533029,2,68,0,4
BG2_L3,424384,4533029,3,50,0,4
BG3_L1,424273,4533039,1,51,0,4
BG3_L2,424273,4533039,2,51,0,4
BG3_L3,424273,4533039,3,37,0,4
BG4_L1,424335,4533386,1,83,0,4
BG4_L2,424335,4533386,2,61,0,4
BG4_L3,424335,4533386,3,55,0,4
BG5_L1,424383,4533376,1,49,0,4
BG5_L2,424383,4533376,2,59,0,4
BG5_L3,424383,4533376,3,57,0,4
A2-B2_2m_L1,4.242921e+05,4.533064e+06,1,712,1,9
A2-B2_2m_L2,4.242921e+05,4.533064e+06,2,58,0,4
A2-B2_2m_L3,4.242921e+05,4.533064e+06,3,108,0,5
A2-B2_4m_L1,4.242942e+05,4.533064e+06,1,1098,1,12
A2-B2_4m_L2,4.242942e+05,4.533064e+06,2,1446,1,14
A2-B2_4m_L3,4.242942e+05,4.533064e+06,3,631,1,8
A2-B2_6m_L1,4.242963e+05,4.533064e+06,1,766,1,9
A2-B2_6m_L2,4.242963e+05,4.533064e+06,2,1365,1,13
A2-B2_6m_L3,4.242963e+05,4.533064e+06,3,2416,1,22
A2-B2_8m_L1,4.242984e+05,4.533064e+06,1,609,1,8
A2-B2_8m_L2,4.242984e+05,4.533064e+06,2,956,1,11
A2-B2_8m_L3,4.242984e+05,4.533064e+06,3,1753,1,16
A2-B2_10m_L1,4.243005e+05,4.533065e+06,1,691,1,9
A2-B2_10m_L2,4.243005e+05,4.533065e+06,2,718,1,9
A2-B2_10m_L3,4.243005e+05,4.533065e+06,3,1483,1,15
A2-B2_12m_L1,4.243026e+05,4.533065e+06,1,478,1,7
A2-B2_12m_L2,4.243026e+05,4.533065e+06,2,526,1,7
A2-B2_12m_L3,4.243026e+05,4.533065e+06,3,463,1,7
A2-B2_14m_L1,4.243047e+05,4.533065e+06,1,400,1,6
A2-B2_14m_L2,4.243047e+05,4.533065e+06,2,684,1,9
A2-B2_14m_L3,4.243047e+05,4.533065e+06,3,1363,1,13
A2-B2_16m_L1,4.243068e+05,4.533065e+06,1,591,1,8
A2-B2_16m_L2,4.243068e+05,4.533065e+06,2,1184,1,12
A2-B2_16m_L3,4.243068e+05,4.533065e+06,3,911,1,10
A2-B2_18m_L1,4.243089e+05,4.533065e+06,1,480,1,7
A2-B2_18m_L2,4.243089e+05,4.533065e+06,2,65,0,4
A2-B2_18m_L3,4.243089e+05,4.533065e+06,3,127,0,4
H3-I3_1m_L1,4.244311e+05,4.533075e+06,1,519,1,8
H3-I3_1m_L2,4.244311e+05,4.533075e+06,2,2340,1,20
H3-I3_1m_L3,4.244311e+05,4.533075e+06,3,91,0,4
H3-I3_3m_L1,4.244332e+05,4.533074e+06,1,425,1,7
H3-I3_3m_L2,4.244332e+05,4.533074e+06,2,1109,1,11
H3-I3_3m_L3,4.244332e+05,4.533074e+06,3,245,1,5
H3-I3_5m_L1,4.244353e+05,4.533074e+06,1,364,1,6
H3-I3_5m_L2,4.244353e+05,4.533074e+06,2,830,1,9
H3-I3_5m_L3,4.244353e+05,4.533074e+06,3,2572,1,21
H3-I3_7m_L1,4.244374e+05,4.533074e+06,1,304,1,6
H3-I3_7m_L2,4.244374e+05,4.533074e+06,2,573,1,8
H3-I3_7m_L3,4.244374e+05,4.533074e+06,3,361,1,6
H3-I3_9m_L1,4.244395e+05,4.533073e+06,1,224,1,5
H3-I3_9m_L2,4.244395e+05,4.533073e+06,2,1208,1,12
H3-I3_9m_L3,4.244395e+05,4.533073e+06,3,197,1,5
H3-I3_11m_L1,4.244416e+05,4.533073e+06,1,192,1,5
H3-I3_11m_L2,4.244416e+05,4.533073e+06,2,108,0,4
H3-I3_11m_L3,4.244416e+05,4.533073e+06,3,73,0,4
H3-I3_13m_L1,4.244437e+05,4.533072e+06,1,350,1,6
H3-I3_13m_L2,4.244437e+05,4.533072e+06,2,43,0,3
H3-I3_13m_L3,4.244437e+05,4.533072e+06,3,70,0,4
H3-I3_15m_L1,4.244458e+05,4.533072e+06,1,199,1,5
H3-I3_15m_L2,4.244458e+05,4.533072e+06,2,47,0,4
H3-I3_15m_L3,4.244458e+05,4.533072e+06,3,48,0,3
H3-I3_17m_L1,4.244479e+05,4.533072e+06,1,175,1,5
H3-I3_17m_L2,4.244479e+05,4.533072e+06,2,52,0,3
H3-I3_17m_L3,4.244479e+05,4.533072e+06,3,70,0,4
H3-I3_21m_L1,4.244519e+05,4.533071e+06,1,241,1,5
H3-I3_21m_L2,4.244519e+05,4.533071e+06,2,76,0,4
H3-I3_21m_L3,4.244519e+05,4.533071e+06,3,59,0,4
H3-I3_19m_L1,4.244500e+05,4.533071e+06,1,171,1,4
H3-I3_19m_L2,4.244500e+05,4.533071e+06,2,37,0,3
H3-I3_19m_L3,4.244500e+05,4.533071e+06,3,74,0,4
