Borehole,Easting,Northing,Layer,zinc,zincthre,std
A0_L1,424288,4533039,1,460,1,6
A0_L2,424288,4533039,2,159,1,4
A0_L3,424288,4533039,3,100,0,3
A1_L1,424289,4533044,1,283,1,5
A1_L2,424289,4533044,2,363,1,6
A1_L3,424289,4533044,3,214,1,4
A2_L1,424290,4533064,1,352,1,6
A2_L2,424290,4533064,2,342,1,6
A2_L3,424290,4533064,3,155,1,4
A3_L1,424293,4533085,1,312,1,5
A3_L2,424293,4533085,2,210,1,4
A3_L3,424293,4533085,3,673,1,8
A4_L1,424295,4533103,1,335,1,6
A4_L2,424295,4533103,2,499,1,7
A4_L3,424295,4533103,3,973,1,10
A5_L1,424297,4533124,1,458,1,6
A5_L2,424297,4533124,2,193,1,4
A5_L3,424297,4533124,3,268,1,5
A6_L1,424299,4533144,1,331,1,5
A6_L2,424299,4533144,2,254,1,5
A6_L3,424299,4533144,3,796,1,9
A7_L1,424301,4533164,1,157,1,4
A7_L2,424301,4533164,2,188,1,4
A7_L3,424301,4533164,3,85,0,3
A8_L1,424303,4533184,1,193,1,4
A8_L2,424303,4533184,2,320,1,6
A8_L3,424303,4533184,3,152,1,4
A9_L1,424305,4533203,1,160,1,4
A9_L2,424305,4533203,2,87,0,3
A9_L3,424305,4533203,3,154,1,4
A10_L1,424308,4533223,1,165,1,4
A10_L2,424308,4533223,2,268,1,5
A10_L3,424308,4533223,3,147,0,4
A11_L1,424310,4533244,1,135,0,4
A11_L2,424310,4533244,2,124,0,3
A11_L3,424310,4533244,3,327,1,6
A12_L1,424311,4533264,1,185,1,4
A12_L2,424311,4533264,2,193,1,4
A12_L3,424311,4533264,3,107,0,3
A13_L1,424314,4533283,1,140,0,4
A13_L2,424314,4533283,2,181,1,4
A13_L3,424314,4533283,3,716,1,9
A14_L1,424316,4533303,1,216,1,5
A14_L2,424316,4533303,2,745,1,9
A14_L3,424316,4533303,3,124,0,4
A15_L1,424319,4533323,1,202,1,5
A15_L2,424319,4533323,2,552,1,8
A15_L3,424319,4533323,3,104,0,3
A16_L1,424320,4533343,1,199,1,4
A16_L2,424320,4533343,2,103,0,3
A16_L3,424320,4533343,3,87,0,3
A17_L1,424322,4533362,1,274,1,5
A17_L2,424322,4533362,2,389,1,6
A17_L3,424322,4533362,3,1041,1,11
B0_L1,424309,4533038,1,326,1,6
B0_L2,424309,4533038,2,204,1,4
B0_L3,424309,4533038,3,206,1,4
B1_L1,424309,4533045,1,368,1,6
B1_L2,424309,4533045,2,550,1,7
B1_L3,424309,4533045,3,322,1,6
B2_L1,424311,4533065,1,344,1,6
B2_L2,424311,4533065,2,349,1,6
B2_L3,424311,4533065,3,977,1,10
B3_L1,424314,4533085,1,213,1,4
B3_L2,424314,4533085,2,210,1,4
B3_L3,424314,4533085,3,730,1,9
B4_L1,424316,4533105,1,266,1,5
B4_L2,424316,4533105,2,176,1,4
B4_L3,424316,4533105,3,228,1,5
B5_L1,424318,4533125,1,176,1,4
B5_L2,424318,4533125,2,112,0,3
B5_L3,424318,4533125,3,103,0,3
B6_L1,424320,4533144,1,165,1,4
B6_L2,424320,4533144,2,274,1,6
B6_L3,424320,4533144,3,243,1,5
B7_L1,424323,4533164,1,207,1,4
B7_L2,424323,4533164,2,279,1,5
B7_L3,424323,4533164,3,464,1,7
B8_L1,424325,4533185,1,220,1,5
B8_L2,424325,4533185,2,155,1,4
B8_L3,424325,4533185,3,108,0,3
B9_L1,424327,4533204,1,195,1,5
B9_L2,424327,4533204,2,232,1,5
B9_L3,424327,4533204,3,402,1,6
B10_L1,424328,4533223,1,230,1,5
B10_L2,424328,4533223,2,134,0,4
B10_L3,424328,4533223,3,111,0,3
B11_L1,424331,4533243,1,219,1,4
B11_L2,424331,4533243,2,423,1,6
B11_L3,424331,4533243,3,175,1,4
B12_L1,424333,4533262,1,240,1,5
B12_L2,424333,4533262,2,532,1,7
B12_L3,424333,4533262,3,261,1,5
B13_L1,424335,4533283,1,407,1,6
B13_L2,424335,4533283,2,616,1,8
B13_L3,424335,4533283,3,313,1,5
B14_L1,424337,4533302,1,297,1,5
B14_L2,424337,4533302,2,471,1,7
B14_L3,424337,4533302,3,1490,1,13
B15_L1,424337,4533321,1,439,1,6
B15_L2,424337,4533321,2,219,1,4
B15_L3,424337,4533321,3,116,0,3
B16_L1,424341,4533341,1,376,1,6
B16_L2,424341,4533341,2,606,1,8
B16_L3,424341,4533341,3,381,1,6
B17_L1,424342,4533362,1,424,1,6
B17_L2,424342,4533362,2,955,1,10
B17_L3,424342,4533362,3,608,1,8
C0_L1,424330,4533036,1,186,1,4
C0_L2,424330,4533036,2,105,0,3
C0_L3,424330,4533036,3,95,0,3
C1_L1,424330,4533043,1,248,1,5
C1_L2,424330,4533043,2,215,1,4
C1_L3,424330,4533043,3,115,0,3
C2_L1,424332,4533062,1,330,1,5
C2_L2,424332,4533062,2,570,1,7
C2_L3,424332,4533062,3,198,1,4
C3_L1,424334,4533082,1,206,1,4
C3_L2,424334,4533082,2,272,1,5
C3_L3,424334,4533082,3,789,1,9
C4_L1,424337,4533102,1,240,1,5
C4_L2,424337,4533102,2,322,1,5
C4_L3,424337,4533102,3,530,1,7
C5_L1,424338,4533122,1,332,1,5
C5_L2,424338,4533122,2,455,1,6
C5_L3,424338,4533122,3,1133,1,11
C6_L1,424339,4533142,1,246,1,5
C6_L2,424339,4533142,2,208,1,4
C6_L3,424339,4533142,3,248,1,5
C7_L1,424341,4533162,1,309,1,5
C7_L2,424341,4533162,2,608,1,8
C7_L3,424341,4533162,3,358,1,6
C9_L1,424342,4533201,1,215,1,4
C9_L2,424342,4533201,2,163,1,4
C9_L3,424342,4533201,3,734,1,8
C10_L1,424344,4533220,1,263,1,5
C10_L2,424344,4533220,2,156,1,4
C10_L3,424344,4533220,3,108,0,3
C11_L1,424346,4533240,1,289,1,5
C11_L2,424346,4533240,2,107,0,3
C11_L3,424346,4533240,3,526,1,7
C12_L1,424348,4533260,1,407,1,6
C12_L2,424348,4533260,2,298,1,5
C12_L3,424348,4533260,3,264,1,5
C13_L1,424350,4533279,1,711,1,8
C13_L2,424350,4533279,2,855,1,9
C13_L3,424350,4533279,3,881,1,9
C14_L1,424352,4533300,1,400,1,6
C14_L2,424352,4533300,2,715,1,9
C14_L3,424352,4533300,3,505,1,7
C15_L1,424353,4533319,1,467,1,7
C15_L2,424353,4533319,2,977,1,10
C15_L3,424353,4533319,3,259,1,5
C16_L1,424357,4533339,1,638,1,8
C16_L2,424357,4533339,2,281,1,5
C16_L3,424357,4533339,3,717,1,8
D0_L1,424348,4533035,1,267,1,5
D0_L2,424348,4533035,2,97,0,3
D0_L3,424348,4533035,3,83,0,3
D1_L1,424348,4533039,1,267,1,5
D1_L2,424348,4533039,2,115,0,3
D1_L3,424348,4533039,3,81,0,3
D2_L1,424350,4533059,1,328,1,6
D2_L2,424350,4533059,2,102,0,3
D2_L3,424350,4533059,3,95,0,3
D3_L1,424352,4533079,1,352,1,5
D3_L2,424352,4533079,2,209,1,4
D3_L3,424352,4533079,3,95,0,3
D4_L1,424355,4533099,1,630,1,8
D4_L2,424355,4533099,2,1460,1,12
D4_L3,424355,4533099,3,620,1,8
D5_L1,424356,4533118,1,502,1,7
D5_L2,424356,4533118,2,228,1,5
D5_L3,424356,4533118,3,991,1,10
D6_L1,424358,4533138,1,513,1,7
D6_L2,424358,4533138,2,323,1,6
D6_L3,424358,4533138,3,339,1,6
D7_L1,424360,4533158,1,403,1,6
D7_L2,424360,4533158,2,427,1,6
D7_L3,424360,4533158,3,299,1,5
D8_L1,424361,4533173,1,160,1,4
D8_L2,424361,4533173,2,93,0,3
D8_L3,424361,4533173,3,92,0,3
D9_L1,424363,4533203,1,177,1,4
D9_L2,424363,4533203,2,119,0,3
D9_L3,424363,4533203,3,184,1,4
D10_L1,424364,4533222,1,179,1,4
D10_L2,424364,4533222,2,137,0,4
D10_L3,424364,4533222,3,102,0,3
D11_L1,424366,4533239,1,178,1,4
D11_L2,424366,4533239,2,184,1,4
D11_L3,424366,4533239,3,369,1,6
D12_L1,424368,4533259,1,225,1,4
D12_L2,424368,4533259,2,218,1,4
D12_L3,424368,4533259,3,183,1,4
D13_L1,424370,4533274,1,248,1,5
D13_L2,424370,4533274,2,264,1,5
D13_L3,424370,4533274,3,416,1,6
E0_L1,424363,4533033,1,258,1,5
E0_L2,424363,4533033,2,79,0,3
E0_L3,424363,4533033,3,65,0,3
E1_L1,424366,4533040,1,363,1,6
E1_L2,424366,4533040,2,370,1,6
E1_L3,424366,4533040,3,322,1,5
E2_L1,424367,4533058,1,445,1,7
E2_L2,424367,4533058,2,118,0,3
E2_L3,424367,4533058,3,237,1,5
E3_L1,424368,4533076,1,363,1,6
E3_L2,424368,4533076,2,184,1,4
E3_L3,424368,4533076,3,83,0,3
E4_L1,424369,4533095,1,304,1,5
E4_L2,424369,4533095,2,200,1,4
E4_L3,424369,4533095,3,414,1,6
E5_L1,424371,4533115,1,430,1,6
E5_L2,424371,4533115,2,337,1,5
E5_L3,424371,4533115,3,147,0,4
E6_L1,424372,4533135,1,355,1,6
E6_L2,424372,4533135,2,513,1,7
E6_L3,424372,4533135,3,257,1,5
E7_L1,424376,4533155,1,361,1,6
E7_L2,424376,4533155,2,254,1,5
E7_L3,424376,4533155,3,160,1,4
E8_L1,424378,4533176,1,175,1,4
E8_L2,424378,4533176,2,129,0,4
E8_L3,424378,4533176,3,81,0,3
E9_L1,424378,4533194,1,156,1,4
E9_L2,424378,4533194,2,113,0,3
E9_L3,424378,4533194,3,111,0,3
E10_L1,424380,4533213,1,187,1,4
E10_L2,424380,4533213,2,150,1,4
E10_L3,424380,4533213,3,345,1,5
E11_L1,424382,4533234,1,183,1,4
E11_L2,424382,4533234,2,118,0,3
E11_L3,424382,4533234,3,238,1,4
E12_L1,424384,4533254,1,182,1,4
E12_L2,424384,4533254,2,97,0,3
E12_L3,424384,4533254,3,63,0,3
E13_L1,424385,4533273,1,208,1,4
E13_L2,424385,4533273,2,198,1,4
E13_L3,424385,4533273,3,156,1,4
F0_L1,424382,4533032,1,385,1,6
F0_L2,424382,4533032,2,121,0,4
F0_L3,424382,4533032,3,86,0,3
F1_L1,424386,4533037,1,480,1,7
F1_L2,424386,4533037,2,462,1,6
F1_L3,424386,4533037,3,1013,1,10
F2_L1,424387,4533058,1,864,1,9
F2_L2,424387,4533058,2,327,1,5
F2_L3,424387,4533058,3,850,1,9
F3_L1,424389,4533079,1,390,1,6
F3_L2,424389,4533079,2,577,1,8
F3_L3,424389,4533079,3,534,1,7
F4_L1,424391,4533098,1,336,1,5
F4_L2,424391,4533098,2,202,1,4
F4_L3,424391,4533098,3,325,1,5
F5_L1,424391,4533119,1,332,1,5
F5_L2,424391,4533119,2,372,1,6
F5_L3,424391,4533119,3,291,1,5
F6_L1,424393,4533138,1,368,1,6
F6_L2,424393,4533138,2,89,0,3
F6_L3,424393,4533138,3,139,0,4
F7_L1,424395,4533158,1,431,1,6
F7_L2,424395,4533158,2,870,1,9
F7_L3,424395,4533158,3,903,1,10
F8_L1,424398,4533172,1,272,1,5
F8_L2,424398,4533172,2,190,1,4
F8_L3,424398,4533172,3,135,0,4
F9_L1,424399,4533192,1,216,1,4
F9_L2,424399,4533192,2,174,1,4
F9_L3,424399,4533192,3,174,1,4
F10_L1,424401,4533214,1,245,1,5
F10_L2,424401,4533214,2,198,1,4
F10_L3,424401,4533214,3,104,0,3
F11_L1,424403,4533234,1,220,1,4
F11_L2,424403,4533234,2,213,1,5
F11_L3,424403,4533234,3,119,0,3
F12_L1,424404,4533253,1,161,1,4
F12_L2,424404,4533253,2,90,0,3
F12_L3,424404,4533253,3,81,0,3
F13_L1,424405,4533269,1,241,1,5
F13_L2,424405,4533269,2,95,0,3
F13_L3,424405,4533269,3,78,0,3
G1_L1,424402,4533030,1,312,1,6
G1_L2,424402,4533030,2,93,0,3
G1_L3,424402,4533030,3,73,0,3
G2_L1,424405,4533048,1,428,1,6
G2_L2,424405,4533048,2,183,1,4
G2_L3,424405,4533048,3,180,1,4
G3_L1,424408,4533067,1,551,1,7
G3_L2,424408,4533067,2,273,1,5
G3_L3,424408,4533067,3,319,1,5
G4_L1,424409,4533087,1,527,1,7
G4_L2,424409,4533087,2,340,1,5
G4_L3,424409,4533087,3,155,1,4
G5_L1,424411,4533106,1,476,1,7
G5_L2,424411,4533106,2,228,1,5
G5_L3,424411,4533106,3,131,0,4
G6_L1,424414,4533127,1,337,1,5
G6_L2,424414,4533127,2,356,1,6
G6_L3,424414,4533127,3,199,1,4
G7_L1,424416,4533145,1,581,1,7
G7_L2,424416,4533145,2,581,1,7
G7_L3,424416,4533145,3,144,0,4
G8_L1,424417,4533165,1,334,1,5
G8_L2,424417,4533165,2,115,0,3
G8_L3,424417,4533165,3,80,0,3
G9_L1,424419,4533186,1,316,1,5
G9_L2,424419,4533186,2,625,1,8
G9_L3,424419,4533186,3,343,1,6
G10_L1,424421,4533208,1,290,1,5
G10_L2,424421,4533208,2,374,1,5
G10_L3,424421,4533208,3,382,1,6
G11_L1,424422,4533228,1,262,1,5
G11_L2,424422,4533228,2,194,1,4
G11_L3,424422,4533228,3,112,0,3
G12_L1,424425,4533247,1,197,1,4
G12_L2,424425,4533247,2,84,0,3
G12_L3,424425,4533247,3,112,0,3
G13_L1,424427,4533268,1,216,1,4
G13_L2,424427,4533268,2,108,0,3
G13_L3,424427,4533268,3,133,0,3
G14_L1,424428,4533287,1,218,1,4
G14_L2,424428,4533287,2,214,1,4
G14_L3,424428,4533287,3,273,1,5
G15_L1,424431,4533308,1,260,1,5
G15_L2,424431,4533308,2,172,1,4
G15_L3,424431,4533308,3,76,0,3
G16_L1,424432,4533318,1,243,1,5
G16_L2,424432,4533318,2,114,0,3
G16_L3,424432,4533318,3,97,0,3
H0_L1,424423,4533029,1,316,1,5
H0_L2,424423,4533029,2,114,0,3
H0_L3,424423,4533029,3,446,1,6
H1_L1,424426,4533035,1,255,1,5
H1_L2,424426,4533035,2,151,1,4
H1_L3,424426,4533035,3,330,1,6
H2_L1,424428,4533055,1,297,1,5
H2_L2,424428,4533055,2,342,1,6
H2_L3,424428,4533055,3,1063,1,11
H3_L1,424430,4533075,1,355,1,5
H3_L2,424430,4533075,2,359,1,6
H3_L3,424430,4533075,3,321,1,5
H4_L1,424432,4533095,1,544,1,7
H4_L2,424432,4533095,2,285,1,5
H4_L3,424432,4533095,3,117,0,3
H5_L1,424434,4533116,1,262,1,5
H5_L2,424434,4533116,2,302,1,5
H5_L3,424434,4533116,3,287,1,5
H6_L1,424435,4533135,1,283,1,5
H6_L2,424435,4533135,2,305,1,5
H6_L3,424435,4533135,3,308,1,5
H7_L1,424438,4533156,1,604,1,7
H7_L2,424438,4533156,2,512,1,7
H7_L3,424438,4533156,3,361,1,6
H8_L1,424439,4533176,1,471,1,7
H8_L2,424439,4533176,2,663,1,8
H8_L3,424439,4533176,3,815,1,9
H9_L1,424441,4533193,1,313,1,5
H9_L2,424441,4533193,2,469,1,7
H9_L3,424441,4533193,3,797,1,9
H10_L1,424443,4533213,1,318,1,5
H10_L2,424443,4533213,2,317,1,5
H10_L3,424443,4533213,3,356,1,6
H11_L1,424446,4533237,1,298,1,5
H11_L2,424446,4533237,2,538,1,7
H11_L3,424446,4533237,3,490,1,6
H12_L1,424448,4533258,1,362,1,5
H12_L2,424448,4533258,2,310,1,5
H12_L3,424448,4533258,3,262,1,5
H13_L1,424450,4533279,1,434,1,6
H13_L2,424450,4533279,2,229,1,4
H13_L3,424450,4533279,3,556,1,7
H14_L1,424451,4533299,1,503,1,6
H14_L2,424451,4533299,2,657,1,8
H14_L3,424451,4533299,3,357,1,6
H15_L1,424451,4533309,1,344,1,6
H15_L2,424451,4533309,2,345,1,6
H15_L3,424451,4533309,3,173,1,4
I0_L1,424444,4533027,1,135,0,4
I0_L2,424444,4533027,2,141,0,4
I0_L3,424444,4533027,3,90,0,3
I1_L1,424446,4533032,1,139,0,4
I1_L2,424446,4533032,2,163,1,4
I1_L3,424446,4533032,3,133,0,4
I2_L1,424448,4533051,1,171,1,4
I2_L2,424448,4533051,2,108,0,3
I2_L3,424448,4533051,3,190,1,4
I3_L1,424451,4533071,1,262,1,5
I3_L2,424451,4533071,2,119,0,3
I3_L3,424451,4533071,3,109,0,3
I4_L1,424454,4533090,1,273,1,5
I4_L2,424454,4533090,2,200,1,4
I4_L3,424454,4533090,3,247,1,5
I5_L1,424456,4533110,1,194,1,4
I5_L2,424456,4533110,2,121,0,4
I5_L3,424456,4533110,3,136,0,4
I6_L1,424458,4533129,1,241,1,5
I6_L2,424458,4533129,2,93,0,3
I6_L3,424458,4533129,3,587,1,8
I7_L1,424461,4533149,1,211,1,4
I7_L2,424461,4533149,2,182,1,4
I7_L3,424461,4533149,3,206,1,4
I8_L1,424463,4533169,1,312,1,5
I8_L2,424463,4533169,2,186,1,4
I8_L3,424463,4533169,3,98,0,3
I9_L1,424466,4533190,1,238,1,5
I9_L2,424466,4533190,2,109,0,3
I9_L3,424466,4533190,3,259,1,5
I10_L1,424469,4533209,1,234,1,5
I10_L2,424469,4533209,2,200,1,4
I10_L3,424469,4533209,3,212,1,5
I11_L1,424472,4533230,1,235,1,5
I11_L2,424472,4533230,2,115,0,3
I11_L3,424472,4533230,3,153,1,4
I12_L1,424473,4533249,1,188,1,4
I12_L2,424473,4533249,2,97,0,3
I12_L3,424473,4533249,3,92,0,3
I13_L1,424475,4533270,1,209,1,4
I13_L2,424475,4533270,2,82,0,3
I13_L3,424475,4533270,3,86,0,3
I14_L1,424477,4533289,1,276,1,5
I14_L2,424477,4533289,2,99,0,3
I14_L3,424477,4533289,3,78,0,3
L6_L1,424478,4533128,1,166,1,4
L6_L2,424478,4533128,2,105,0,3
L6_L3,424478,4533128,3,68,0,3
L7_L1,424482,4533148,1,252,1,5
L7_L2,424482,4533148,2,127,0,3
L7_L3,424482,4533148,3,96,0,3
L8_L1,424486,4533167,1,382,1,6
L8_L2,424486,4533167,2,209,1,4
L8_L3,424486,4533167,3,899,1,9
L9_L1,424490,4533186,1,413,1,7
L9_L2,424490,4533186,2,148,0,4
L9_L3,424490,4533186,3,137,0,4
L10_L1,424493,4533206,1,363,1,6
L10_L2,424493,4533206,2,408,1,6
L10_L3,424493,4533206,3,271,1,5
L11_L1,424496,4533226,1,285,1,5
L11_L2,424496,4533226,2,319,1,6
L11_L3,424496,4533226,3,143,0,4
L12_L1,424498,4533246,1,246,1,5
L12_L2,424498,4533246,2,662,1,8
L12_L3,424498,4533246,3,593,1,7
L13_L1,424501,4533265,1,331,1,5
L13_L2,424501,4533265,2,180,1,4
L13_L3,424501,4533265,3,416,1,7
BG1_L1,424422,4533012,1,100,0,3
BG1_L2,424422,4533012,2,104,0,3
BG1_L3,424422,4533012,3,82,0,3
BG2_L1,424384,4533029,1,113,0,3
BG2_L2,424384,4533029,2,106,0,3
BG2_L3,424384,4533029,3,82,0,3
BG3_L1,424273,4533039,1,107,0,3
BG3_L2,424273,4533039,2,94,0,3
BG3_L3,424273,4533039,3,69,0,3
BG4_L1,424335,4533386,1,128,0,3
BG4_L2,424335,4533386,2,85,0,3
BG4_L3,424335,4533386,3,62,0,3
BG5_L1,424383,4533376,1,88,0,3
BG5_L2,424383,4533376,2,72,0,3
BG5_L3,424383,4533376,3,72,0,3
A2-B2_2m_L1,4.242921e+05,4.533064e+06,1,516,1,7
A2-B2_2m_L2,4.242921e+05,4.533064e+06,2,93,0,3
A2-B2_2m_L3,4.242921e+05,4.533064e+06,3,114,0,3
A2-B2_4m_L1,4.242942e+05,4.533064e+06,1,657,1,8
A2-B2_4m_L2,4.242942e+05,4.533064e+06,2,861,1,9
A2-B2_4m_L3,4.242942e+05,4.533064e+06,3,457,1,6
A2-B2_6m_L1,4.242963e+05,4.533064e+06,1,530,1,7
A2-B2_6m_L2,4.242963e+05,4.533064e+06,2,777,1,9
A2-B2_6m_L3,4.242963e+05,4.533064e+06,3,1394,1,13
A2-B2_8m_L1,4.242984e+05,4.533064e+06,1,456,1,7
A2-B2_8m_L2,4.242984e+05,4.533064e+06,2,573,1,8
A2-B2_8m_L3,4.242984e+05,4.533064e+06,3,1012,1,10
A2-B2_10m_L1,4.243005e+05,4.533065e+06,1,423,1,6
A2-B2_10m_L2,4.243005e+05,4.533065e+06,2,349,1,5
A2-B2_10m_L3,4.243005e+05,4.533065e+06,3,1000,1,10
A2-B2_12m_L1,4.243026e+05,4.533065e+06,1,394,1,6
A2-B2_12m_L2,4.243026e+05,4.533065e+06,2,345,1,6
A2-B2_12m_L3,4.243026e+05,4.533065e+06,3,276,1,5
A2-B2_14m_L1,4.243047e+05,4.533065e+06,1,324,1,5
A2-B2_14m_L2,4.243047e+05,4.533065e+06,2,360,1,6
A2-B2_14m_L3,4.243047e+05,4.533065e+06,3,820,1,9
A2-B2_16m_L1,4.243068e+05,4.533065e+06,1,453,1,7
A2-B2_16m_L2,4.243068e+05,4.533065e+06,2,712,1,8
A2-B2_16m_L3,4.243068e+05,4.533065e+06,3,598,1,8
A2-B2_18m_L1,4.243089e+05,4.533065e+06,1,372,1,6
A2-B2_18m_L2,4.243089e+05,4.533065e+06,2,98,0,3
A2-B2_18m_L3,4.243089e+05,4.533065e+06,3,124,0,3
H3-I3_1m_L1,4.244311e+05,4.533075e+06,1,377,1,6
H3-I3_1m_L2,4.244311e+05,4.533075e+06,2,1160,1,11
H3-I3_1m_L3,4.244311e+05,4.533075e+06,3,122,0,4
H3-I3_3m_L1,4.244332e+05,4.533074e+06,1,329,1,5
H3-I3_3m_L2,4.244332e+05,4.533074e+06,2,412,1,6
H3-I3_3m_L3,4.244332e+05,4.533074e+06,3,157,1,4
H3-I3_5m_L1,4.244353e+05,4.533074e+06,1,310,1,5
H3-I3_5m_L2,4.244353e+05,4.533074e+06,2,487,1,7
H3-I3_5m_L3,4.244353e+05,4.533074e+06,3,1374,1,12
H3-I3_7m_L1,4.244374e+05,4.533074e+06,1,276,1,5
H3-I3_7m_L2,4.244374e+05,4.533074e+06,2,478,1,6
H3-I3_7m_L3,4.244374e+05,4.533074e+06,3,238,1,5
H3-I3_9m_L1,4.244395e+05,4.533073e+06,1,219,1,4
H3-I3_9m_L2,4.244395e+05,4.533073e+06,2,369,1,6
H3-I3_9m_L3,4.244395e+05,4.533073e+06,3,170,1,4
H3-I3_11m_L1,4.244416e+05,4.533073e+06,1,192,1,4
H3-I3_11m_L2,4.244416e+05,4.533073e+06,2,115,0,3
H3-I3_11m_L3,4.244416e+05,4.533073e+06,3,83,0,3
H3-I3_13m_L1,4.244437e+05,4.533072e+06,1,215,1,5
H3-I3_13m_L2,4.244437e+05,4.533072e+06,2,79,0,3
H3-I3_13m_L3,4.244437e+05,4.533072e+06,3,110,0,3
H3-I3_15m_L1,4.244458e+05,4.533072e+06,1,185,1,4
H3-I3_15m_L2,4.244458e+05,4.533072e+06,2,87,0,3
H3-I3_15m_L3,4.244458e+05,4.533072e+06,3,108,0,3
H3-I3_17m_L1,4.244479e+05,4.533072e+06,1,174,1,4
H3-I3_17m_L2,4.244479e+05,4.533072e+06,2,89,0,3
H3-I3_17m_L3,4.244479e+05,4.533072e+06,3,78,0,3
H3-I3_21m_L1,4.244519e+05,4.533071e+06,1,234,1,5
H3-I3_21m_L2,4.244519e+05,4.533071e+06,2,128,0,4
H3-I3_21m_L3,4.244519e+05,4.533071e+06,3,129,0,3
H3-I3_19m_L1,4.244500e+05,4.533071e+06,1,177,1,4
H3-I3_19m_L2,4.244500e+05,4.533071e+06,2,81,0,3
H3-I3_19m_L3,4.244500e+05,4.533071e+06,3,137,0,4
